18.34
100239
24.24
62.46
100238
29.53
62.30
100244
28.26
67.23
100250
29.20
71.30
100245
30.72
69.80
100246
30.03
69.20
100238
29.50
69.07
100244
29.23
68.57
100243
28.90
68.43
100241
28.55
60.68
100242
26.86
50.26
100254
26.61
44.36
100275
27.04
41.14
100270
27.12
35.88
100255
27.16
35.57
100276
27.13
31.41
100249
27.11
27.50
100246
27.12
25.73
100241
27.10
24.19
100238
27.06
23.05
100246
27.03
22.20
100248
27.02
22.79
100251
26.97
52.03
100251
28.89
64.50
100240
29.85
61.17
100245
27.92
69.83
100248
29.81
69.50
100246
29.44
68.73
100744
28.85
67.02
100953
30.41
65.47
100687
31.06
