0.609888
0.604248
0.617139
0.607471
0.619556
0.607471
0.621973
0.607471
0.621973
0.604248
0.617944
0.607471
0.606665
0.608276
0.604248
0.617944
0.602637
0.619556
0.605859
0.620361
0.605859
0.621167
0.607471
0.621973
0.607471
0.615527
0.607471
0.612305
0.607471
0.606665
0.610693
0.603442
0.619556
0.604248
0.618750
0.603442
0.619556
0.606665
0.614722
0.609082
0.603442
0.613916
0.605859
0.614722
0.606665
0.620361
0.607471
0.619556
0.604248
0.619556
